one_hot_encodding()
  one-hot encodding functions are applied on the dataset
	hint:
		 outputs :
			 -> signals: numpy array that includes 12-lead ECG signal.
			 -> labels : one-hot encodded numpy array of diagnosed labels.
			 -> The signals with this indices have no label, so they are romoved:
				[2037, 2594, 2595, 2596, 11710, 11711, 11714, 11715, 11716, 11717, 11718, 11719, 11720, 11721, 18000, 18001, 18002, 18003, 18004, 18005, 18006, 18007, 18008, 18009, 18010, 18011, 18012, 18013, 18014, 18015, 18016, 18017, 18018, 18019, 18020, 18021, 18022, 18023, 18024, 18025, 18026, 18027, 18029, 18030, 18031, 18032, 18033, 18034, 18036, 18037, 18039, 18040, 18041, 18042, 18043, 18044, 18045, 18047, 18048, 18049, 18050, 18051, 18052, 18053, 18054, 18055, 18056, 18057, 18058, 18059, 18060, 18061, 18062, 18063, 18064, 18065, 18066, 18067, 18068, 18069, 18070, 18071, 18072, 18073, 18074, 18075, 18076, 18077, 18078, 18079, 18080, 18081, 18082, 18083, 18084, 18085, 18086, 18087, 18088, 18089, 18090, 18091, 18092, 18093, 18094, 18095, 18096, 18097, 18098, 18099, 18100, 18101, 18102, 18103, 18105, 18106, 18109, 18110, 18111, 18112, 18113, 18114, 18115, 18116, 18117, 18118, 18119, 18120, 18121, 18122, 18124, 18125, 18126, 18127, 18128, 18129, 18130, 18131, 18133, 18134, 18135, 18136, 18137, 18138, 18139, 18141, 18142, 18144, 18145, 18146, 18147, 18148, 18149, 18151, 23223, 23238, 23239, 23240, 23241, 23242, 23243, 23244, 23245, 23246, 23247, 23248, 23249, 23250, 23251, 24457, 24460, 24463, 24465, 24466, 24467, 24469, 24470, 24471, 24488, 24489, 24490, 24494, 24495, 24499, 24502, 24503, 24504, 24505, 24506, 24507, 24508, 24509, 24510, 24511, 24512, 24514, 24515, 24516, 24517, 24518, 24519, 24520, 24521, 24522, 24523, 24524, 24525, 24526, 24527, 24529, 24530, 24531, 24532, 24533, 24534, 24535, 24536, 24537, 24538, 24540, 24542, 24544, 24545, 24547, 24548, 24549, 24550, 24551, 24795, 24796, 24804, 24954, 24955, 24956, 24957, 24958, 24959, 24960, 24961, 24962, 24963, 24964, 24965, 24966, 24967, 24968, 24969, 24970, 24971, 24972, 24973, 24974, 24975, 24976, 24977, 24978, 24980, 24982, 24983, 24984, 24985, 24986, 24988, 24990, 24991, 24992, 24993, 24994, 24995, 24997, 24998, 24999, 25000, 25001, 25003, 25004, 25005, 25007, 25008, 25009, 25010, 25011, 25013, 25014, 25015, 25016, 25017, 25018, 25019, 25022, 25023, 25025, 25026, 25027, 25029, 25030, 25033, 25034, 25035, 25036, 25037, 25039, 25040, 25041, 25043, 25044, 25045, 25046, 30557, 30559, 30610, 30692, 30693, 30697, 30698, 30721, 30723, 30732, 30734, 30735, 30737, 30738, 30739, 30742, 30743, 30745, 30746, 30747, 30748, 30766, 30784, 30968, 30971, 30989, 31084, 31093, 32259, 32260, 32261, 32262, 32263, 32264, 32265, 32268, 32270, 32271, 32272, 32273, 32274, 32275, 32277, 32278, 32280, 32282, 32284, 32287, 32288, 32289, 32290, 32291, 32292, 32293, 32294, 32295, 32296, 32297, 32298, 32299, 32300, 32301, 32302, 32303, 32304, 32305, 32307, 32308, 32309, 32310, 32311, 32312, 32313, 32314, 32315, 32316, 32317, 32318, 32319, 32321, 32322, 32323, 32324, 32325, 32326, 32327, 32328, 32329, 32330, 32331, 32332, 32333, 32334, 32335, 32336, 32337, 32338, 32339, 32340, 32341, 32342, 32343, 32344, 32345, 32346, 32348, 32349, 32519, 32520, 32525, 32526, 32527, 32528, 32529, 32530, 32531, 32661, 32675, 32677, 32678, 32680, 32681, 32682, 32683, 32684, 32685, 32686, 32696, 32698, 32701, 32752, 32753, 32754, 32755, 32756, 32757, 32758, 32759, 32761, 32762, 32763, 32764, 32765, 32766, 32767, 32768, 32769, 32770, 32772, 32773, 32774, 32775, 32777, 32778, 32779, 32780, 32781, 32782, 32783, 32784, 32785, 32787, 32788, 32789, 32790, 32791, 32792, 32793, 32794, 32795, 32796, 32797, 32799, 32800, 32801, 32802, 32803, 32805, 32806, 32807, 32808, 32809, 32810, 32811, 32812, 32813, 32814, 32815, 32816, 32817, 32818, 32819, 32820, 32821, 32822, 32823, 32825, 32848, 32849, 32850, 32851, 32853, 32854, 32855, 32856, 32858, 32859, 32860, 32861, 32862, 32863, 32864, 32865, 32866, 32867, 32868, 32869, 32870, 32871, 32873, 32874, 32875, 32877, 32878, 32879, 32881, 32882, 32883, 32885, 32886, 32887, 32888, 32889, 32891, 32893, 32894, 32895, 32896, 32897, 32898, 32899, 32900, 32901, 32902, 32903, 32904, 32906, 32907, 32908, 32909, 32910, 32911, 32912, 32915, 32916, 32917, 32918, 32919, 32920, 32921, 32922, 32924, 32925, 32926, 32927, 32928, 32929, 32930, 32931, 32932, 32933, 32934, 32936, 32937, 32939, 32940, 32941, 32943, 32944, 32946, 32948, 32950, 32951, 36644, 36702, 36734, 36751, 36930, 36996, 37035, 37041, 38202, 38260, 38261, 38358, 38394, 38408, 38602, 43297, 43300, 43302, 43305, 43640, 43641, 43642, 43643, 43644, 43645, 43751, 43752, 43754, 43755, 43757, 43758, 43759, 43760, 43762, 43764, 43765, 43767, 43768, 43769, 43770, 43771, 43772, 43773, 43774, 43775, 43776, 43777, 43779, 43780, 43781, 43782, 43783, 43784, 43785, 43786, 43789, 43790, 43791, 43792, 43793, 43794, 43796, 43797, 43798, 43799, 43800, 43802, 43803, 43804, 43805, 43806, 43807, 43808, 43809, 43810, 43811, 43812, 43814, 43815, 43816, 43817, 43818, 43827, 43828]


----------------------------------------------------------------