one_hot_encodding()
  one-hot encodding functions are applied on the dataset
	hint:
		 outputs :
			 -> signals: numpy array that includes 12-lead ECG signal.
			 -> labels : one-hot encodded numpy array of diagnosed labels.
			 -> The signals with this indices have no label, so they are romoved:
				[50, 82, 99, 592, 878, 944, 983, 989, 1040, 1041, 1045, 1046, 1069, 1071, 1080, 1082, 1083, 1085, 1086, 1087, 1090, 1091, 1093, 1094, 1095, 1096, 1114, 1132, 1432, 1441, 1505, 1507, 1558, 1816, 1819, 1837, 2267, 2268, 2273, 2274, 2275, 2276, 2277, 2278, 2279, 2501, 2502, 2503, 2504, 2506, 2507, 2508, 2509, 2510, 2511, 2512, 2513, 2514, 2515, 2516, 2517, 2518, 2519, 2521, 2522, 2523, 2525, 2526, 2527, 2529, 2530, 2531, 2533, 2534, 2535, 2536, 2537, 2539, 2541, 2542, 2543, 2544, 2545, 2546, 2547, 2548, 2549, 2550, 2551, 2552, 2554, 2555, 2556, 2557, 2558, 2559, 2560, 2563, 2564, 2565, 2566, 2567, 2568, 2569, 2570, 2572, 2573, 2574, 2575, 2576, 2577, 2578, 2579, 2580, 2581, 2582, 2584, 2585, 2587, 2588, 2589, 2591, 2592, 2594, 2596, 2598, 2599, 2609, 2623, 2625, 2626, 2628, 2629, 2630, 2631, 2632, 2633, 2634, 2644, 2646, 2649, 2700, 2701, 2702, 2703, 2704, 2705, 2706, 2707, 2709, 2710, 2711, 2712, 2713, 2714, 2715, 2716, 2717, 2718, 2720, 2721, 2722, 2723, 2725, 2726, 2727, 2728, 2729, 2730, 2731, 2732, 2733, 2735, 2736, 2737, 2738, 2739, 2740, 2741, 2742, 2743, 2744, 2745, 2747, 2748, 2749, 2750, 2751, 2753, 2754, 2755, 2756, 2757, 2758, 2759, 2760, 2761, 2762, 2763, 2764, 2765, 2766, 2767, 2768, 2769, 2770, 2771, 2773, 2796, 2797, 2798, 2799, 2907, 2908, 2909, 2910, 2911, 2912, 2913, 2916, 2918, 2919, 2920, 2921, 2922, 2923, 2925, 2926, 2928, 2930, 2932, 2935, 2936, 2937, 2938, 2939, 2940, 2941, 2942, 2943, 2944, 2945, 2946, 2947, 2948, 2949, 2950, 2951, 2952, 2953, 2955, 2956, 2957, 2958, 2959, 2960, 2961, 2962, 2963, 2964, 2965, 2966, 2967, 2969, 2970, 2971, 2972, 2973, 2974, 2975, 2976, 2977, 2978, 2979, 2980, 2981, 2982, 2983, 2984, 2985, 2986, 2987, 2988, 2989, 2990, 2991, 2992, 2993, 2994, 2996, 2997, 3094, 3095, 3096, 3337, 4346, 4349, 4351, 4354, 4589, 4590, 4591, 4592, 4593, 4594, 4600, 4601, 4603, 4604, 4606, 4607, 4608, 4609, 4611, 4613, 4614, 4616, 4617, 4618, 4619, 4620, 4621, 4622, 4623, 4624, 4625, 4626, 4628, 4629, 4630, 4631, 4632, 4633, 4634, 4635, 4638, 4639, 4640, 4641, 4642, 4643, 4645, 4646, 4647, 4648, 4649, 4651, 4652, 4653, 4654, 4655, 4656, 4657, 4658, 4659, 4660, 4661, 4663, 4664, 4665, 4666, 4667, 4676, 4677, 8810, 8811, 8814, 8815, 8816, 8817, 8818, 8819, 8820, 8821, 15000, 15001, 15002, 15003, 15004, 15005, 15006, 15007, 15008, 15009, 15010, 15011, 15012, 15013, 15014, 15015, 15016, 15017, 15018, 15019, 15020, 15021, 15022, 15023, 15024, 15025, 15026, 15027, 15029, 15030, 15031, 15032, 15033, 15034, 15036, 15037, 15039, 15040, 15041, 15042, 15043, 15044, 15045, 15047, 15048, 15049, 15050, 15051, 15052, 15053, 15054, 15055, 15056, 15057, 15058, 15059, 15060, 15061, 15062, 15063, 15064, 15065, 15066, 15067, 15068, 15069, 15070, 15071, 15072, 15073, 15074, 15075, 15076, 15077, 15078, 15079, 15080, 15081, 15082, 15083, 15084, 15085, 15086, 15087, 15088, 15089, 15090, 15091, 15092, 15093, 15094, 15095, 15096, 15097, 15098, 15099, 15100, 15101, 15102, 15103, 15105, 15106, 15109, 15110, 15111, 15112, 15113, 15114, 15115, 15116, 15117, 15118, 15119, 15120, 15121, 15122, 15124, 15125, 15126, 15127, 15128, 15129, 15130, 15131, 15133, 15134, 15135, 15136, 15137, 15138, 15139, 15141, 15142, 15144, 15145, 15146, 15147, 15148, 15149, 15151, 15257, 15260, 15263, 15265, 15266, 15267, 15269, 15270, 15271, 15288, 15289, 15290, 15294, 15295, 15299, 15302, 15303, 15304, 15305, 15306, 15307, 15308, 15309, 15310, 15311, 15312, 15314, 15315, 15316, 15317, 15318, 15319, 15320, 15321, 15322, 15323, 15324, 15325, 15326, 15327, 15329, 15330, 15331, 15332, 15333, 15334, 15335, 15336, 15337, 15338, 15340, 15342, 15344, 15345, 15347, 15348, 15349, 15350, 15351, 15754, 15755, 15756, 15757, 15758, 15759, 15760, 15761, 15762, 15763, 15764, 15765, 15766, 15767, 15768, 15769, 15770, 15771, 15772, 15773, 15774, 15775, 15776, 15777, 15778, 15780, 15782, 15783, 15784, 15785, 15786, 15788, 15790, 15791, 15792, 15793, 15794, 15795, 15797, 15798, 15799, 15800, 15801, 15803, 15804, 15805, 15807, 15808, 15809, 15810, 15811, 15813, 15814, 15815, 15816, 15817, 15818, 15819, 15822, 15823, 15825, 15826, 15827, 15829, 15830, 15833, 15834, 15835, 15836, 15837, 15839, 15840, 15841, 15843, 15844, 15845, 15846, 15895, 15896, 15904, 37301, 37701, 37959, 37960, 38057, 38093, 38107, 42722, 42737, 42738, 42739, 42740, 42741, 42742, 42743, 42744, 42745, 42746, 42747, 42748, 42749, 42750]


----------------------------------------------------------------